2014 12 26 7.3 7.499 205.979
2014 12 27 6.4 6.536 158.573
2014 12 28 6.4 6.088 133.615
2014 12 29 4.8 5.64 119.375
2014 12 30 6.1 5.532 108.583
2014 12 31 5.4 4.478 97.373
2015 01 01 3.4 3.849 86.381
2015 01 02 3.6 3.572 79.65
2015 01 03 4.9 3.449 79.6
2015 01 04 5.9 3.724 76.305
2015 01 05 7.5 4.057 72.913
2015 01 06 9.1 4.539 70.384
2015 01 07 10.1 5.09 67.786
2015 01 08 10.6 5.62 65.5
2015 01 09 10.6 6.407 64.35
2015 01 10 11.3 7.124 62.916
2015 01 11 10.8 7.368 61.9
2015 01 12 10.1 7.774 60.085
2015 01 13 8.8 8.035 58.45
2015 01 14 9.0 7.894 56.556
2015 01 15 8.4 7.756 55.288
2015 01 16 9.3 8.233 53.552
2015 01 17 9.3 8.683 52.371
2015 01 18 8.9 8.662 51.7
2015 01 19 10.6 8.916 50.86
2015 01 20 9.8 9.25 50.4
2015 01 21 9.4 9.583 50.4
2015 01 22 8.2 9.379 50.061
2015 01 23 8.4 9.238 48.734
2015 01 24 7.2 9.567 47.34
2015 01 25 8.5 9.677 46.214
2015 01 26 10.5 9.289 45.4
2015 01 27 12.5 9.506 44.655
2015 01 28 11.0 9.442 44.3
2015 01 29 11.4 9.321 44.392
2015 01 30 11.4 9.336 45.262
2015 01 31 13.4 9.35 44.22
2015 02 01 12.2 9.339 43.062
2015 02 02 12.1 9.594 41.985
2015 02 03 12.6 10.061 41.0
2015 02 04 13.0 10.242 40.302
2015 02 05 12.2 10.162 40.0
2015 02 06 14.1 10.3 44.298
2015 02 07 15.6 11.909 885.665
2015 02 08 15.0 11.919 3291.354
2015 02 09 14.5 11.448 4976.562
2015 02 10 10.4 9.804 1902.083
2015 02 11 11.9 8.911 1120.24
2015 02 12 13.6 9.43 786.562
2015 02 13 14.8 10.019 603.198
2015 02 14 14.9 10.566 482.896
2015 02 15 14.4 10.641 401.167
2015 02 16 15.0 10.972 342.812
2015 02 17 12.4 10.854 295.302
2015 02 18 11.6 11.318 261.542
2015 02 19 11.1 11.026 234.917
2015 02 20 11.6 11.179 215.792
2015 02 21 9.1 10.383 197.938
2015 02 22 12.8 10.512 183.031
2015 02 23 11.4 10.728 167.26
2015 02 24 9.8 10.347 151.542
2015 02 25 11.1 9.954 140.938
2015 02 26 13.2 10.166 135.354
2015 02 27 12.6 10.861 130.958
2015 02 28 10.5 11.073 133.583
2015 03 01 10.8 10.747 151.094
2015 03 02 11.3 11.006 134.833
2015 03 03 11.3 11.13 135.979
2015 03 04 10.5 11.035 127.615
2015 03 05 13.2 11.219 117.375
2015 03 06 13.2 11.582 111.562
2015 03 07 14.9 12.176 107.083
2015 03 08 15.8 12.823 102.674
2015 03 09 15.2 13.406 99.041
2015 03 10 16.8 13.941 95.662
2015 03 11 14.9 14.278 93.6
2015 03 12 15.7 14.516 93.862
2015 03 13 18.6 15.53 99.397
2015 03 14 20.5 16.805 92.904
2015 03 15 18.5 17.374 86.346
2015 03 16 15.3 16.746 82.25
2015 03 17 16.7 17.126 79.483
2015 03 18 15.1 17.03 76.525
2015 03 19 21.3 16.993 73.514
2015 03 20 16.0 16.75 71.069
2015 03 21 16.5 16.64 68.141
2015 03 22 15.7 16.82 65.8
2015 03 23 14.2 16.979 64.833
2015 03 24 14.3 16.752 70.296
2015 03 25 15.9 16.38 79.233
2015 03 26 18.5 17.154 70.569
2015 03 27 19.7 18.095 65.967
2015 03 28 17.8 18.567 61.418
2015 03 29 18.1 18.58 57.205
2015 03 30 18.3 18.848 55.608
2015 03 31 15.9 18.951 52.77
2015 04 01 13.0 17.696 50.102
2015 04 02 13.9 16.641 48.342
2015 04 03 14.7 16.421 46.744
2015 04 04 14.0 16.455 45.698
2015 04 05 10.5 15.823 45.4
2015 04 06 11.0 14.834 46.476
2015 04 07 9.3 14.018 61.441
2015 04 08 11.2 13.926 93.597
2015 04 09 12.6 14.615 102.215
2015 04 10 15.1 15.473 85.202
2015 04 11 15.5 16.357 74.378
2015 04 12 16.8 17.061 68.081
2015 04 13 16.7 17.774 65.799
2015 04 14 13.4 17.924 61.666
2015 04 15 15.9 17.257 58.868
2015 04 16 16.433 17.49 57.31
2015 04 17 16.967 18.232 53.99
2015 04 18 17.5 19.094 49.858
2015 04 19 18.85 20.048 46.58
2015 04 20 20.2 20.696 45.32
2015 04 21 14.2 20.119 43.601
2015 04 22 16.3 19.88 42.146
2015 04 23 17.1 20.535 41.241
2015 04 24 15.0 20.419 40.146
2015 04 25 15.1 19.543 83.278
2015 04 26 17.0 19.088 203.135
2015 04 27 20.1 18.964 144.927
2015 04 28 20.6 20.165 107.875
2015 04 29 19.8 21.112 95.99
2015 04 30 21.8 21.657 86.599
2015 05 01 23.5 22.299 83.504
2015 05 02 20.5 22.779 79.244
2015 05 03 17.0 22.516 67.078
2015 05 04 15.6 22.144 57.108
2015 05 05 16.6 21.806 52.649
2015 05 06 17.2 21.714 48.902
2015 05 07 14.0 20.53 45.631
2015 05 08 15.5 19.568 45.505
2015 05 09 17.0 20.153 57.207
2015 05 10 17.5 21.066 56.829
2015 05 11 16.4 21.215 56.659
2015 05 12 15.0 20.946 50.507
2015 05 13 14.6 20.551 44.165
2015 05 14 13.8 18.918 58.056
2015 05 15 15.1 17.514 53.803
2015 05 16 16.6 19.697 49.823
2015 05 17 15.6 20.323 49.425
2015 05 18 15.7 20.536 48.15
2015 05 19 16.5 21.132 48.612
2015 05 20 16.3 21.657 48.955
2015 05 21 16.1 21.373 48.952
2015 05 22 17.0 21.167 47.543
2015 05 23 18.1 21.806 46.552
2015 05 24 18.8 22.622 48.119
2015 05 25 17.3 23.003 56.398
2015 05 26 17.3 23.339 53.886
2015 05 27 18.1 23.438 46.507
2015 05 28 19.8 23.309 41.835
2015 05 29 21.4 23.476 39.302
2015 05 30 22.3 24.027 35.482
2015 05 31 18.5 23.795 32.182
2015 06 01 18.7 23.327 30.138
2015 06 02 20.6 23.911 28.281
2015 06 03 19.8 24.259 26.075
2015 06 04 20.7 24.38 24.078
2015 06 05 23.4 24.921 23.504
2015 06 06 22.5 25.227 21.98
2015 06 07 26.0 25.829 24.106
2015 06 08 29.9 27.21 29.596
2015 06 09 26.3 26.811 26.758
2015 06 10 20.7 25.365 23.774
2015 06 11 25.5 25.761 22.13
2015 06 12 28.4 27.088 21.53
2015 06 13 25.7 27.652 21.861
2015 06 14 21.7 27.027 20.548
2015 06 15 20.7 26.455 18.407
2015 06 16 23.9 26.461 16.809
2015 06 17 25.7 26.586 14.993
2015 06 18 24.2 26.385 13.0
2015 06 19 24.4 26.123 12.007
2015 06 20 25.9 26.297 11.083
2015 06 21 22.2 25.717 9.974
2015 06 22 26.9 25.484 9.148
2015 06 23 24.7 26.152 8.547
2015 06 24 26.1 26.603 8.221
2015 06 25 29.2 27.599 7.306
2015 06 26 29.5 28.167 7.059
2015 06 27 24.7 27.843 6.539
2015 06 28 25.4 27.89 6.337
2015 06 29 26.2 27.994 5.509
2015 06 30 31.2 28.896 5.458
2015 07 01 30.0 28.725 4.913
2015 07 02 28.5 28.295 4.045
2015 07 03 26.8 28.079 4.368
2015 07 04 27.1 28.64 3.668
2015 07 05 23.0 28.172 3.426
2015 07 06 23.3 27.834 3.702
2015 07 07 22.9 27.575 3.44
2015 07 08 22.9 26.826 3.197
2015 07 09 18.6 25.381 2.842
2015 07 10 20.5 25.116 3.304
2015 07 11 22.0 25.848 3.301
2015 07 12 22.6 25.91 2.777
2015 07 13 23.9 26.453 3.418
2015 07 14 23.1 26.739 3.254
2015 07 15 24.7 26.929 2.884
2015 07 16 25.9 27.866 2.516
2015 07 17 26.0 27.73 3.579
2015 07 18 24.4 27.335 3.441
2015 07 19 26.9 27.744 2.644
2015 07 20 28.8 28.79 2.92
2015 07 21 25.4 28.562 2.89
2015 07 22 22.2 27.283 2.534
2015 07 23 21.0 26.419 1.647
2015 07 24 22.6 26.407 1.707
2015 07 25 22.9 26.427 0.683
2015 07 26 23.2 26.47 1.534
2015 07 27 25.6 26.577 1.63
2015 07 28 28.0 27.046 1.168
2015 07 29 30.4 28.2 0.828
2015 07 30 28.1 28.569 0.551
2015 07 31 25.5 27.749 0.374
2015 08 01 24.0 27.184 0.251
2015 08 02 23.8 27.491 0.18
2015 08 03 22.4 26.908 0.132
2015 08 04 20.6 25.181 0.071
2015 08 05 23.4 25.095 0.023
2015 08 06 24.9 25.009 0.0
2015 08 07 24.4 24.923 0.0
2015 08 08 22.3 24.838 0.0
2015 08 09 24.5 24.752 0.0
2015 08 10 23.1 24.666 0.0
2015 08 11 22.8 24.58 0.0
2015 08 12 23.6 24.494 0.0
2015 08 13 23.6 24.408 0.0
2015 08 14 23.0 24.322 0.0
2015 08 15 25.5 24.236 0.0
2015 08 16 29.0 24.15 0.0
2015 08 17 29.7 24.064 0.0
2015 08 18 25.2 23.978 0.0
2015 08 19 22.5 23.892 0.0
2015 08 20 24.6 23.806 0.0
2015 08 21 21.5 23.72 0.0
2015 08 22 22.4 23.634 0.0
2015 08 23 22.8 23.548 0.0
2015 08 24 23.8 23.462 0.0
2015 08 25 24.9 23.377 0.0
2015 08 26 26.4 23.291 0.0
2015 08 27 28.2 23.205 0.0
2015 08 28 28.2 23.119 0.0
2015 08 29 23.2 23.033 0.0
2015 08 30 21.8 22.947 0.0
2015 08 31 23.8 22.861 0.0
2015 09 01 23.8 22.775 0.0
2015 09 02 21.4 22.689 0.0
2015 09 03 20.7 22.603 0.0
2015 09 04 19.4 22.517 0.0
2015 09 05 19.5 22.431 0.0
2015 09 06 21.4 22.345 0.0
2015 09 07 23.7 22.259 0.0
2015 09 08 25.6 22.173 0.0
2015 09 09 28.3 22.088 0.0
2015 09 10 29.3 22.002 0.0
2015 09 11 28.7 21.916 0.0
2015 09 12 24.7 21.83 0.0
2015 09 13 25.8 21.744 0.0
2015 09 14 20.0 21.658 0.0
2015 09 15 18.8 21.572 0.0
2015 09 16 17.5 21.486 0.0
2015 09 17 20.0 21.4 0.0
2015 09 18 20.1 21.314 0.0
2015 09 19 22.6 21.228 0.0
2015 09 20 24.8 21.142 0.0
2015 09 21 26.6 21.056 0.0
2015 09 22 22.1 20.97 0.0
2015 09 23 20.5 20.884 0.0
2015 09 24 23.7 20.798 0.0
2015 09 25 24.9 20.712 0.0
2015 09 26 24.8 20.627 0.0
2015 09 27 23.4 20.541 0.0
2015 09 28 22.7 20.455 0.0
2015 09 29 19.0 20.369 0.0
2015 09 30 17.0 20.283 0.0
2015 10 01 18.4 20.197 0.0
2015 10 02 21.0 20.111 0.0
2015 10 03 19.7 20.025 0.0
2015 10 04 18.4 19.939 0.0
2015 10 05 20.1 19.853 0.0
2015 10 06 20.4 19.767 0.0
2015 10 07 21.3 19.681 0.0
2015 10 08 23.0 19.595 0.0
2015 10 09 22.8 19.509 0.0
2015 10 10 21.9 19.423 0.0
2015 10 11 21.5 19.338 0.0
2015 10 12 22.8 19.252 0.0
2015 10 13 24.4 19.166 0.0
2015 10 14 24.7 19.08 0.0
2015 10 15 23.8 18.994 0.0
2015 10 16 23.0 18.908 0.0
2015 10 17 17.4 18.822 0.0
2015 10 18 17.5 18.736 0.0
2015 10 19 17.6 18.65 0.0
2015 10 20 19.1 18.564 0.0
2015 10 21 18.4 18.478 0.0
2015 10 22 19.6 18.392 6.444
2015 10 23 18.5 18.306 11.346
2015 10 24 18.7 17.928 10.304
2015 10 25 19.0 17.724 9.339
2015 10 26 17.7 17.241 8.68
2015 10 27 18.0 16.883 8.342
2015 10 28 17.3 17.309 8.016
2015 10 29 17.0 16.275 7.69
2015 10 30 18.3 15.788 7.69
2015 10 31 20.7 16.238 7.986
2015 11 01 16.4 16.16 8.061
2015 11 02 13.0 15.702 9.947
2015 11 03 12.0 15.202 13.801
2015 11 04 10.7 14.01 37.068
2015 11 05 10.7 13.171 41.775
2015 11 06 10.3 12.531 28.572
2015 11 07 11.9 12.3 22.05
2015 11 08 10.8 11.675 19.2
2015 11 09 9.7 11.495 20.142
2015 11 10 9.7 11.855 22.977
2015 11 11 8.4 11.172 48.128
2015 11 12 8.8 11.008 40.207
2015 11 13 10.8 10.531 29.346
2015 11 14 12.1 10.45 24.405
2015 11 15 10.1 10.189 22.524
2015 11 16 9.2 9.788 22.357
2015 11 17 8.4 9.104 35.105
2015 11 18 9.9 8.965 38.573
2015 11 19 11.7 9.149 29.053
2015 11 20 12.9 9.529 24.568
2015 11 21 13.1 9.856 22.748
2015 11 22 12.7 9.777 21.975
2015 11 23 12.3 9.95 21.406
2015 11 24 10.3 9.783 21.712
2015 11 25 5.8 9.435 23.124
2015 11 26 4.8 8.457 25.968
2015 11 27 6.3 7.374 34.252
2015 11 28 4.6 6.472 29.48
2015 11 29 4.5 5.815 25.3
2015 11 30 5.0 5.436 23.216
2015 12 01 6.6 5.473 21.374
2015 12 02 9.9 6.115 20.5
2015 12 03 9.6 6.565 21.715
2015 12 04 10.1 6.999 24.072
2015 12 05 8.1 6.862 24.721
2015 12 06 13.8 7.594 28.4
2015 12 07 13.3 8.568 28.004
2015 12 08 10.6 8.928 25.232
2015 12 09 12.9 9.653 23.65
2015 12 10 12.8 10.389 23.758
2015 12 11 9.5 10.481 31.603
2015 12 12 8.2 9.489 118.784
2015 12 13 9.0 9.356 84.911
2015 12 14 5.6 8.095 75.183
2015 12 15 5.9 6.783 97.517
2015 12 16 5.3 5.796 68.333
2015 12 17 7.6 5.925 49.061
2015 12 18 9.2 5.858 42.914
2015 12 19 8.3 6.468 46.617
2015 12 20 7.3 6.488 44.712
2015 12 21 9.1 6.989 64.598
2015 12 22 13.2 8.851 2909.073
2015 12 23 8.4 8.556 1587.635
2015 12 24 6.5 7.092 707.24
2015 12 25 5.1 5.998 576.521
2015 12 26 5.5 4.751 353.323
2015 12 27 3.6 3.918 254.573
2015 12 28 4.3 4.118 213.365
2015 12 29 3.7 3.926 183.781
2015 12 30 5.4 3.858 154.24
2015 12 31 7.4 3.492 135.073
2016 01 01 2.2 3.224 119.479
2016 01 02 5.4 3.419 108.688
2016 01 03 7.9 4.116 109.354
2016 01 04 8.1 4.489 108.292
2016 01 05 10.1 5.8 147.469
2016 01 06 9.1 6.79 685.729
2016 01 07 7.4 7.134 550.74
2016 01 08 6.6 6.488 371.646
2016 01 09 9.0 6.652 269.667
2016 01 10 9.4 7.112 222.802
2016 01 11 9.9 7.244 197.594
2016 01 12 9.4 6.844 172.031
2016 01 13 11.4 7.471 165.073
2016 01 14 8.1 7.074 207.635
2016 01 15 9.7 7.455 372.896
2016 01 16 11.6 8.058 534.656
2016 01 17 12.3 8.531 460.344
2016 01 18 13.2 9.751 1092.604
2016 01 19 12.6 9.87 1182.698
2016 01 20 12.5 9.81 1165.333
2016 01 21 12.5 9.079 819.062
2016 01 22 12.4 8.775 670.958
2016 01 23 11.1 9.777 1796.292
2016 01 24 9.8 9.398 1777.188
2016 01 25 9.8 8.623 1147.219
2016 01 26 9.8 7.884 856.375
2016 01 27 10.7 7.645 686.906
2016 01 28 9.9 7.24 573.906
2016 01 29 12.6 7.849 528.781
2016 01 30 11.3 9.94 4145.688
2016 01 31 9.4 8.796 2656.875
2016 02 01 7.2 7.175 1778.646
2016 02 02 6.5 6.06 1280.208
2016 02 03 7.1 5.981 1033.656
2016 02 04 9.0 6.758 854.073
2016 02 05 10.0 6.959 728.969
2016 02 06 10.1 7.092 635.583
2016 02 07 11.7 7.331 566.656
2016 02 08 13.6 7.755 518.271
2016 02 09 14.5 8.235 500.271
2016 02 10 13.3 8.547 493.74
2016 02 11 14.4 8.676 491.781
2016 02 12 13.7 8.983 489.646
2016 02 13 13.7 9.261 484.885
2016 02 14 15.4 9.305 471.406
2016 02 15 15.2 9.586 462.031
2016 02 16 16.4 9.941 462.812
2016 02 17 16.3 10.051 470.229
2016 02 18 10.8 9.934 898.906
2016 02 19 11.0 8.758 859.021
2016 02 20 10.4 8.593 656.854
2016 02 21 11.1 8.772 579.812
2016 02 22 11.9 8.931 520.792
2016 02 23 12.3 8.919 480.104
2016 02 24 14.3 9.318 452.458
2016 02 25 14.4 9.733 435.969
2016 02 26 15.2 10.044 426.875
2016 02 27 13.0 10.916 421.302
2016 02 28 12.8 10.669 412.26
2016 02 29 14.4 10.506 395.51
2016 03 01 16.1 11.11 378.115
2016 03 02 15.7 11.477 365.25
