2012 03 22 12.9 10.934 781.281
2012 03 23 10.7 10.391 771.729
2012 03 24 10.0 9.797 729.073
2012 03 25 9.6 9.429 708.323
2012 03 26 10.7 9.612 696.948
2012 03 27 11.3 9.491 611.042
2012 03 28 13.5 10.447 999.052
2012 03 29 13.2 10.914 1047.896
2012 03 30 15.2 11.785 808.667
2012 03 31 11.4 12.195 885.427
2012 04 01 10.9 10.827 1622.188
2012 04 02 11.8 10.084 1199.167
2012 04 03 13.6 10.836 950.104
2012 04 04 10.8 11.941 910.854
2012 04 05 8.6 10.986 847.323
2012 04 06 9.7 9.839 743.667
2012 04 07 12.2 9.735 661.979
2012 04 08 14.5 10.683 598.688
2012 04 09 14.3 11.682 549.698
2012 04 10 13.0 12.017 519.927
2012 04 11 10.8 11.814 581.656
2012 04 12 10.3 11.05 906.625
2012 04 13 8.8 10.745 3692.083
2012 04 14 11.6 10.425 2150.0
2012 04 15 14.3 11.259 1259.479
2012 04 16 15.2 12.448 975.646
2012 04 17 15.5 13.032 859.74
2012 04 18 18.8 13.85 852.927
2012 04 19 19.7 14.246 894.271
2012 04 20 21.8 15.281 944.292
2012 04 21 23.2 16.128 1005.5
2012 04 22 24.5 16.623 1015.229
2012 04 23 16.5 16.293 1037.219
2012 04 24 18.4 16.171 1120.521
2012 04 25 16.2 14.933 1097.812
2012 04 26 14.4 13.83 1632.083
2012 04 27 13.6 11.582 2165.0
2012 04 28 17.0 12.588 1541.979
2012 04 29 19.6 14.092 1323.021
2012 04 30 20.1 15.11 1133.333
2012 05 01 16.3 15.566 1007.156
2012 05 02 14.2 14.968 912.823
2012 05 03 13.7 14.057 811.0
2012 05 04 15.0 14.268 735.469
2012 05 05 17.1 14.395 655.729
2012 05 06 20.1 15.0 596.333
2012 05 07 21.0 15.793 543.333
2012 05 08 22.0 16.71 500.854
2012 05 09 22.8 17.503 468.094
2012 05 10 20.2 18.199 446.917
2012 05 11 21.5 18.632 411.76
2012 05 12 23.2 19.327 382.062
2012 05 13 18.2 19.527 366.823
2012 05 14 16.8 19.284 348.656
2012 05 15 22.4 19.404 333.74
2012 05 16 19.7 20.261 314.812
2012 05 17 17.8 20.194 294.375
2012 05 18 19.3 19.946 269.823
2012 05 19 20.9 20.08 246.281
2012 05 20 22.9 20.566 224.479
2012 05 21 19.7 21.123 205.719
2012 05 22 20.2 21.51 191.688
2012 05 23 22.4 21.535 177.062
2012 05 24 19.3 20.969 168.375
2012 05 25 14.0 20.056 159.323
2012 05 26 15.2 18.488 162.375
2012 05 27 16.5 18.081 171.438
2012 05 28 16.7 18.911 182.344
2012 05 29 18.7 19.588 165.823
2012 05 30 22.2 20.725 149.948
2012 05 31 24.8 22.058 135.531
2012 06 01 26.6 23.561 129.625
2012 06 02 22.6 24.521 121.833
2012 06 03 21.8 24.433 115.521
2012 06 04 15.5 22.912 111.688
2012 06 05 15.2 20.982 155.906
2012 06 06 18.2 20.396 182.583
2012 06 07 20.4 20.767 144.552
2012 06 08 20.0 21.665 126.688
2012 06 09 19.5 21.772 114.875
2012 06 10 23.2 21.576 107.5
2012 06 11 25.5 22.607 102.979
2012 06 12 25.4 23.623 96.503
2012 06 13 24.5 24.548 90.745
2012 06 14 24.5 25.279 87.78
2012 06 15 25.5 25.466 83.833
2012 06 16 29.6 26.178 79.3
2012 06 17 27.6 26.806 76.198
2012 06 18 21.2 26.48 73.949
2012 06 19 22.7 25.66 71.044
2012 06 20 26.0 25.464 67.825
2012 06 21 18.6 25.224 64.417
2012 06 22 16.7 23.999 62.575
2012 06 23 17.1 23.453 60.399
2012 06 24 17.2 23.082 59.803
2012 06 25 17.3 22.78 63.598
2012 06 26 18.9 22.821 64.733
2012 06 27 21.9 23.186 62.562
2012 06 28 22.3 23.569 58.802
2012 06 29 20.9 24.075 56.207
2012 06 30 22.2 24.679 53.095
2012 07 01 22.0 25.443 51.416
2012 07 02 23.5 26.05 50.549
2012 07 03 23.4 26.284 50.238
2012 07 04 24.8 26.541 50.836
2012 07 05 21.1 26.328 44.747
2012 07 06 22.9 25.864 43.395
2012 07 07 26.9 26.115 40.762
2012 07 08 26.3 26.435 38.208
2012 07 09 24.9 26.528 36.25
2012 07 10 26.5 26.65 35.284
2012 07 11 28.5 26.99 32.997
2012 07 12 29.1 27.554 31.636
2012 07 13 22.2 27.427 30.375
2012 07 14 21.1 26.846 28.342
2012 07 15 23.6 26.847 27.867
2012 07 16 18.2 26.343 27.191
2012 07 17 18.0 25.259 28.23
2012 07 18 20.9 25.1 26.83
2012 07 19 21.5 25.408 26.99
2012 07 20 23.9 25.732 26.323
2012 07 21 27.4 26.41 25.136
2012 07 22 28.9 27.134 24.436
2012 07 23 25.1 27.634 23.033
2012 07 24 23.4 27.196 23.63
2012 07 25 26.9 26.633 24.126
2012 07 26 21.0 26.182 23.329
2012 07 27 21.0 25.957 22.206
2012 07 28 23.1 26.062 20.175
2012 07 29 23.5 26.197 19.25
2012 07 30 25.7 26.458 19.325
2012 07 31 27.5 26.883 19.062
2012 08 01 26.5 26.859 17.888
2012 08 02 26.9 26.933 17.444
2012 08 03 25.2 26.793 18.306
2012 08 04 20.5 25.973 16.056
2012 08 05 22.4 25.979 15.72
2012 08 06 23.9 26.143 16.399
2012 08 07 25.9 26.325 16.267
2012 08 08 25.9 26.44 16.122
2012 08 09 28.0 26.777 14.951
2012 08 10 28.9 27.23 14.618
2012 08 11 29.4 27.418 13.988
2012 08 12 29.3 27.57 12.909
2012 08 13 30.5 27.851 12.808
2012 08 14 28.1 27.749 12.5
2012 08 15 26.7 27.638 12.153
2012 08 16 25.5 27.482 11.265
2012 08 17 25.1 27.276 10.506
2012 08 18 26.3 27.08 10.478
2012 08 19 24.4 26.78 10.294
2012 08 20 24.9 26.639 10.521
2012 08 21 27.2 26.443 10.4
2012 08 22 23.6 26.242 10.168
2012 08 23 23.5 26.101 9.584
2012 08 24 24.3 25.857 10.229
2012 08 25 21.6 25.635 9.338
2012 08 26 18.7 25.057 9.025
2012 08 27 21.1 24.689 9.345
2012 08 28 23.5 24.827 9.644
2012 08 29 23.5 24.75 9.724
2012 08 30 24.8 24.717 9.168
2012 08 31 17.4 24.294 9.737
2012 09 01 18.0 23.651 9.326
2012 09 02 22.2 23.794 9.884
2012 09 03 24.3 24.083 12.551
2012 09 04 24.9 24.011 12.099
2012 09 05 22.0 23.293 11.709
2012 09 06 22.7 23.257 12.062
2012 09 07 23.3 23.317 12.525
2012 09 08 23.4 23.774 12.609
2012 09 09 22.1 23.728 13.545
2012 09 10 21.9 23.445 14.29
2012 09 11 23.5 23.455 13.504
2012 09 12 23.9 23.649 12.909
2012 09 13 25.1 23.942 12.6
2012 09 14 24.5 24.283 11.567
2012 09 15 23.8 24.28 11.65
2012 09 16 23.5 23.904 11.188
2012 09 17 21.0 23.441 11.008
2012 09 18 19.9 22.969 10.904
2012 09 19 20.0 22.695 10.617
2012 09 20 21.0 22.611 10.156
2012 09 21 22.0 22.535 10.266
2012 09 22 23.7 22.701 10.21
2012 09 23 23.2 22.494 10.14
2012 09 24 20.7 21.911 10.326
2012 09 25 21.7 21.753 10.8
2012 09 26 21.9 21.907 10.983
2012 09 27 23.0 22.058 10.69
2012 09 28 22.6 22.129 11.071
2012 09 29 22.1 22.182 11.2
2012 09 30 23.7 22.275 10.912
2012 10 01 25.1 22.336 10.8
2012 10 02 25.8 22.35 10.255
2012 10 03 24.7 22.283 10.203
2012 10 04 18.5 21.794 9.98
2012 10 05 17.7 21.21 10.212
2012 10 06 17.7 20.754 10.278
2012 10 07 17.8 20.395 9.95
2012 10 08 16.9 19.927 10.775
2012 10 09 16.6 19.309 11.438
2012 10 10 18.2 19.225 11.812
2012 10 11 14.0 18.282 12.092
2012 10 12 14.7 17.78 12.85
2012 10 13 15.8 17.912 13.646
2012 10 14 18.5 18.098 14.571
2012 10 15 19.4 18.404 15.071
2012 10 16 22.2 19.048 15.456
2012 10 17 22.2 19.012 14.946
2012 10 18 22.0 19.164 15.94
2012 10 19 19.7 19.086 16.35
2012 10 20 17.4 18.776 15.881
2012 10 21 13.7 17.398 15.18
2012 10 22 12.0 16.229 17.743
2012 10 23 11.8 15.798 22.583
2012 10 24 13.0 15.078 51.261
2012 10 25 14.6 15.269 54.511
2012 10 26 13.2 14.924 40.34
2012 10 27 16.0 14.76 33.14
2012 10 28 18.2 15.098 27.953
2012 10 29 17.3 15.395 26.6
2012 10 30 16.8 15.506 26.6
2012 10 31 14.9 15.498 25.808
2012 11 01 15.5 15.855 27.93
2012 11 02 13.7 15.724 28.958
2012 11 03 14.6 15.21 33.768
2012 11 04 15.9 15.12 34.739
2012 11 05 17.5 15.256 30.754
2012 11 06 17.6 15.273 26.996
2012 11 07 15.9 15.109 24.02
2012 11 08 10.7 14.398 23.02
2012 11 09 8.4 13.258 23.511
2012 11 10 8.2 12.547 26.331
2012 11 11 7.6 11.361 33.343
2012 11 12 9.0 10.607 35.349
2012 11 13 10.3 10.333 31.591
2012 11 14 11.6 10.39 27.926
2012 11 15 11.6 10.255 26.6
2012 11 16 12.7 10.484 26.979
2012 11 17 14.3 11.464 31.759
2012 11 18 12.6 12.239 73.533
2012 11 19 14.5 11.985 237.573
2012 11 20 15.3 11.464 142.375
2012 11 21 13.0 11.739 95.406
2012 11 22 10.6 11.221 91.173
2012 11 23 11.2 10.731 107.362
2012 11 24 11.1 10.392 79.716
2012 11 25 10.4 9.947 64.208
2012 11 26 10.8 9.494 55.564
2012 11 27 9.9 9.295 50.075
2012 11 28 12.2 9.505 50.826
2012 11 29 14.9 10.051 64.944
2012 11 30 14.6 11.845 654.461
2012 12 01 15.0 11.265 1724.271
2012 12 02 13.6 12.025 3110.938
2012 12 03 11.0 9.956 2687.604
2012 12 04 13.9 10.022 1074.427
2012 12 05 13.1 11.328 1143.865
2012 12 06 12.6 11.218 1522.083
2012 12 07 9.0 10.381 982.448
2012 12 08 7.2 8.681 719.167
2012 12 09 8.5 7.529 566.604
2012 12 10 10.0 7.196 459.885
2012 12 11 10.4 7.221 386.854
2012 12 12 9.2 7.836 371.312
2012 12 13 6.5 7.32 410.042
2012 12 14 5.0 6.298 328.083
2012 12 15 4.9 5.228 288.875
2012 12 16 8.9 5.611 261.281
2012 12 17 10.7 7.093 311.865
2012 12 18 6.2 7.501 860.302
2012 12 19 3.6 5.831 661.969
2012 12 20 7.6 4.398 532.76
2012 12 21 8.4 3.586 465.49
2012 12 22 9.7 5.757 896.052
2012 12 23 9.7 7.633 1725.729
2012 12 24 7.8 8.129 1972.188
2012 12 25 6.6 7.264 1214.125
2012 12 26 7.6 7.967 2386.667
2012 12 27 5.2 7.173 1586.667
2012 12 28 5.6 6.189 950.448
2012 12 29 6.4 6.348 720.938
2012 12 30 5.9 6.034 592.469
2012 12 31 4.6 5.269 500.271
2013 01 01 4.7 4.819 433.802
2013 01 02 5.2 4.811 393.531
2013 01 03 5.2 4.803 359.906
2013 01 04 5.3 4.795 330.208
2013 01 05 6.5 4.787 308.375
2013 01 06 7.4 4.779 338.906
2013 01 07 4.5 4.771 326.208
2013 01 08 7.3 4.763 291.292
2013 01 09 7.4 4.755 275.771
2013 01 10 4.7 4.747 314.802
2013 01 11 2.9 4.739 309.562
2013 01 12 2.2 4.731 280.823
2013 01 13 1.6 4.723 256.448
2013 01 14 2.7 4.715 236.75
2013 01 15 4.3 4.707 238.667
2013 01 16 5.6 4.699 254.292
2013 01 17 6.9 4.691 239.521
2013 01 18 7.1 4.684 229.562
2013 01 19 7.4 4.676 225.062
2013 01 20 7.8 4.668 222.0
2013 01 21 7.6 4.66 219.188
2013 01 22 8.9 4.652 219.531
2013 01 23 10.0 4.644 224.375
2013 01 24 10.7 5.502 231.635
2013 01 25 13.9 7.069 280.073
2013 01 26 11.4 8.382 360.646
2013 01 27 7.0 7.878 390.635
2013 01 28 6.3 6.796 388.344
2013 01 29 7.4 6.159 363.896
2013 01 30 8.6 5.91 340.625
2013 01 31 9.8 5.932 321.833
2013 02 01 10.7 6.14 308.219
2013 02 02 10.5 6.285 297.083
2013 02 03 9.5 6.426 286.583
2013 02 04 10.1 6.89 276.406
2013 02 05 7.9 7.032 268.083
2013 02 06 8.2 6.641 263.188
2013 02 07 8.2 6.532 254.708
2013 02 08 7.2 6.396 256.75
2013 02 09 5.8 6.06 247.385
2013 02 10 7.4 5.768 232.531
2013 02 11 7.5 5.628 224.146
2013 02 12 9.1 5.685 215.156
2013 02 13 9.5 5.928 207.375
2013 02 14 10.5 6.308 202.438
2013 02 15 12.5 6.892 198.344
2013 02 16 12.2 7.243 192.719
2013 02 17 10.8 7.55 190.219
2013 02 18 9.0 7.881 186.906
2013 02 19 5.5 7.744 190.219
2013 02 20 6.0 7.203 218.083
2013 02 21 8.2 7.154 203.0
2013 02 22 9.0 7.177 191.812
2013 02 23 10.4 7.664 195.406
2013 02 24 9.5 7.483 197.812
2013 02 25 10.6 7.461 190.656
2013 02 26 10.0 7.433 184.781
2013 02 27 11.2 7.598 178.969
2013 02 28 13.5 8.229 174.906
2013 03 01 13.8 8.986 173.0
2013 03 02 15.4 9.72 174.844
2013 03 03 14.3 10.438 175.094
2013 03 04 11.2 10.701 214.771
2013 03 05 10.7 10.929 228.875
2013 03 06 11.2 10.779 254.708
2013 03 07 9.3 9.885 326.333
2013 03 08 10.2 9.653 282.844
2013 03 09 11.8 9.958 260.823
2013 03 10 11.3 9.997 250.185
2013 03 11 13.9 10.372 240.708
2013 03 12 15.5 10.981 243.729
2013 03 13 16.7 11.758 253.24
2013 03 14 17.5 12.328 272.698
2013 03 15 15.7 12.614 289.833
2013 03 16 15.7 12.759 297.125
2013 03 17 13.7 12.648 291.833
2013 03 18 13.8 12.143 281.844
2013 03 19 14.5 12.061 270.833
2013 03 20 13.3 12.256 308.333
2013 03 21 12.7 12.059 547.292
2013 03 22 11.8 11.589 501.792
2013 03 23 11.6 10.866 441.312
2013 03 24 14.4 10.869 391.01
2013 03 25 13.4 11.348 357.792
2013 03 26 13.8 12.074 347.927
2013 03 27 14.6 12.999 338.906
2013 03 28 15.8 13.993 323.531
2013 03 29 17.3 14.261 321.76
2013 03 30 16.7 14.433 326.406
2013 03 31 15.2 14.856 365.104
2013 04 01 14.9 15.061 458.344
2013 04 02 15.1 14.259 451.49
2013 04 03 16.5 13.633 406.312
2013 04 04 14.3 13.705 391.604
2013 04 05 15.2 13.638 441.5
2013 04 06 14.4 13.931 414.562
2013 04 07 14.1 14.162 376.688
2013 04 08 13.9 14.351 399.854
2013 04 09 16.1 13.9 458.375
2013 04 10 19.8 13.869 413.396
2013 04 11 17.8 14.8 376.49
2013 04 12 17.5 15.281 364.688
2013 04 13 16.5 15.714 349.354
2013 04 14 14.8 15.974 330.615
2013 04 15 10.9 15.576 315.927
2013 04 16 12.5 14.247 335.792
2013 04 17 13.9 13.328 314.938
2013 04 18 14.8 13.166 286.635
2013 04 19 18.1 14.028 259.573
2013 04 20 19.1 15.361 236.844
2013 04 21 19.5 16.384 231.646
2013 04 22 21.1 17.345 226.958
2013 04 23 20.0 17.774 220.427
2013 04 24 23.3 18.036 213.604
2013 04 25 15.7 18.303 202.375
2013 04 26 17.6 18.38 192.25
2013 04 27 19.8 18.986 185.594
2013 04 28 21.8 19.754 179.469
2013 04 29 22.6 20.456 174.385
2013 04 30 22.1 20.621 166.198
2013 05 01 22.2 20.19 156.583
2013 05 02 25.5 20.352 149.833
2013 05 03 23.0 20.657 132.896
2013 05 04 23.2 21.172 125.917
2013 05 05 17.5 21.001 120.708
2013 05 06 17.4 20.04 119.792
2013 05 07 17.9 19.299 130.354
2013 05 08 19.2 19.42 140.74
2013 05 09 18.1 20.002 155.427
2013 05 10 20.0 20.803 141.698
2013 05 11 24.1 21.991 129.896
2013 05 12 24.4 23.15 117.854
2013 05 13 23.4 23.57 109.146
2013 05 14 22.0 23.847 100.71
2013 05 15 18.8 23.607 93.542
2013 05 16 17.2 22.612 89.073
2013 05 17 16.7 21.578 91.298
2013 05 18 18.4 21.235 94.762
2013 05 19 20.8 21.638 87.055
2013 05 20 23.3 22.079 81.85
2013 05 21 19.9 22.473 77.517
2013 05 22 15.1 21.905 72.685
2013 05 23 15.5 21.371 68.7
2013 05 24 17.4 21.297 68.282
2013 05 25 17.1 21.401 63.57
2013 05 26 17.6 21.546 61.817
2013 05 27 15.5 20.859 61.9
2013 05 28 19.1 21.038 63.466
2013 05 29 19.8 22.185 74.505
2013 05 30 20.3 22.784 81.797
2013 05 31 22.6 23.162 69.145
2013 06 01 25.7 23.88 59.728
2013 06 02 25.7 24.691 54.456
2013 06 03 22.8 25.233 51.746
2013 06 04 19.5 25.31 47.868
2013 06 05 20.3 25.3 44.976
2013 06 06 22.4 25.564 43.2
2013 06 07 26.9 26.257 41.291
2013 06 08 30.1 27.17 37.521
2013 06 09 20.4 27.262 35.046
2013 06 10 17.8 25.749 33.069
2013 06 11 21.2 25.205 32.497
2013 06 12 22.2 25.346 31.92
2013 06 13 21.0 25.007 30.019
2013 06 14 22.8 24.727 29.517
2013 06 15 22.3 24.779 27.439
2013 06 16 22.9 24.928 26.607
2013 06 17 21.7 25.088 26.873
2013 06 18 18.7 24.851 25.184
2013 06 19 19.0 24.508 24.167
2013 06 20 20.7 24.377 23.381
2013 06 21 22.3 24.482 23.962
2013 06 22 24.1 24.886 23.164
2013 06 23 19.5 24.319 22.277
2013 06 24 17.5 23.393 22.453
2013 06 25 21.2 23.099 26.64
2013 06 26 23.6 24.13 54.691
2013 06 27 26.0 25.82 72.127
2013 06 28 29.7 27.0 49.864
2013 06 29 31.4 28.224 37.236
2013 06 30 30.8 28.852 30.358
2013 07 01 30.8 29.166 26.511
2013 07 02 31.0 29.715 23.611
2013 07 03 30.2 29.836 21.317
2013 07 04 31.7 30.259 19.6
2013 07 05 24.4 29.773 18.544
2013 07 06 23.0 28.885 16.946
2013 07 07 24.7 28.128 16.446
2013 07 08 29.4 27.593 16.0
2013 07 09 27.5 27.46 15.394
2013 07 10 26.7 27.43 14.394
2013 07 11 22.9 27.103 13.746
2013 07 12 22.5 26.781 13.122
2013 07 13 25.3 26.795 12.955
2013 07 14 25.2 26.757 12.275
2013 07 15 21.3 26.574 12.264
2013 07 16 18.8 26.189 12.47
2013 07 17 22.3 26.133 11.933
2013 07 18 25.0 26.473 11.431
2013 07 19 26.5 26.732 12.898
2013 07 20 27.0 27.192 11.795
2013 07 21 25.6 27.55 11.158
2013 07 22 25.2 27.076 10.896
2013 07 23 26.2 26.341 9.703
2013 07 24 27.3 26.48 9.046
2013 07 25 27.6 27.366 8.924
2013 07 26 25.4 27.674 9.466
2013 07 27 23.9 27.617 9.289
2013 07 28 23.1 27.503 8.808
2013 07 29 19.6 26.808 8.726
2013 07 30 21.5 26.278 8.35
2013 07 31 21.6 26.275 8.087
2013 08 01 21.6 25.83 7.188
2013 08 02 23.2 25.559 7.292
2013 08 03 23.0 25.802 6.655
2013 08 04 22.0 25.873 6.205
2013 08 05 21.5 25.729 6.891
2013 08 06 19.7 25.461 6.957
2013 08 07 18.8 25.244 6.769
2013 08 08 20.2 25.064 6.597
2013 08 09 19.7 25.136 6.977
2013 08 10 20.8 25.22 6.688
2013 08 11 22.5 25.504 6.666
2013 08 12 23.2 25.682 7.02
2013 08 13 24.8 25.718 6.963
2013 08 14 25.1 25.917 6.628
2013 08 15 25.0 26.085 6.24
2013 08 16 26.2 26.566 6.645
2013 08 17 25.7 26.48 6.686
2013 08 18 27.4 26.696 6.17
2013 08 19 29.2 27.358 5.843
2013 08 20 26.1 27.71 5.45
2013 08 21 23.1 27.108 5.173
2013 08 22 21.3 26.376 4.438
2013 08 23 21.8 25.962 4.016
2013 08 24 22.6 25.666 4.949
2013 08 25 22.5 25.886 4.977
2013 08 26 22.2 25.947 4.867
2013 08 27 23.4 25.811 4.792
2013 08 28 24.1 25.955 4.594
2013 08 29 24.2 26.092 3.802
2013 08 30 25.2 26.042 4.889
2013 08 31 25.6 26.173 4.285
2013 09 01 24.3 25.902 4.07
2013 09 02 21.2 25.036 4.601
2013 09 03 22.3 25.182 4.662
2013 09 04 22.3 25.06 4.342
2013 09 05 21.7 24.832 4.748
2013 09 06 22.5 24.484 4.72
2013 09 07 25.7 24.934 4.136
2013 09 08 25.8 25.139 4.164
2013 09 09 26.7 25.06 4.754
2013 09 10 23.0 25.05 4.67
2013 09 11 22.3 24.351 4.406
2013 09 12 22.1 24.515 3.795
2013 09 13 23.3 25.084 4.701
2013 09 14 22.0 24.98 4.036
2013 09 15 21.1 24.342 3.889
2013 09 16 21.8 24.191 4.616
2013 09 17 22.2 23.766 4.773
2013 09 18 20.0 23.051 4.873
2013 09 19 21.9 22.743 4.509
2013 09 20 20.1 22.504 4.247
2013 09 21 16.4 20.899 4.96
2013 09 22 16.2 20.736 6.487
2013 09 23 18.9 20.543 23.526
2013 09 24 19.3 20.865 36.16
2013 09 25 16.4 20.518 24.933
2013 09 26 16.7 19.866 19.238
2013 09 27 16.4 19.339 16.501
2013 09 28 19.7 19.234 14.685
2013 09 29 19.3 19.195 14.118
2013 09 30 20.0 19.775 14.451
2013 10 01 17.6 20.058 14.639
2013 10 02 17.2 19.69 14.602
2013 10 03 17.8 18.771 14.088
2013 10 04 19.2 18.193 14.191
2013 10 05 17.5 18.053 14.56
2013 10 06 18.9 17.541 14.378
2013 10 07 19.6 17.374 14.149
2013 10 08 16.0 16.976 14.003
2013 10 09 15.7 16.783 13.489
2013 10 10 15.9 16.773 13.967
2013 10 11 15.7 16.752 14.3
2013 10 12 15.9 16.699 14.467
2013 10 13 15.4 16.504 14.488
2013 10 14 15.3 16.302 15.045
2013 10 15 16.8 16.071 15.232
2013 10 16 17.0 15.847 15.243
2013 10 17 17.0 15.647 15.185
2013 10 18 17.1 15.627 14.623
2013 10 19 18.1 15.578 15.625
2013 10 20 17.6 15.421 16.044
2013 10 21 20.9 15.509 16.094
2013 10 22 17.4 15.401 16.181
2013 10 23 17.4 15.216 16.181
2013 10 24 14.5 14.897 15.684
2013 10 25 15.0 14.665 15.8
2013 10 26 16.1 14.575 15.769
2013 10 27 14.2 14.362 16.01
2013 10 28 12.8 14.101 15.95
2013 10 29 13.5 14.51 16.231
2013 10 30 11.4 14.141 17.238
2013 10 31 15.8 13.444 22.725
2013 11 01 14.2 13.111 23.612
2013 11 02 15.3 12.94 22.462
2013 11 03 12.6 12.458 21.583
2013 11 04 12.1 11.891 20.925
2013 11 05 12.5 11.203 20.5
2013 11 06 14.8 11.073 20.312
2013 11 07 15.4 11.394 19.888
2013 11 08 14.5 11.524 19.3
2013 11 09 14.5 11.521 18.75
2013 11 10 13.9 11.332 18.7
2013 11 11 13.1 11.016 18.7
2013 11 12 15.1 11.24 18.375
2013 11 13 17.8 11.354 18.1
2013 11 14 13.3 11.011 17.963
2013 11 15 11.1 10.727 17.5
2013 11 16 11.3 10.247 17.5
2013 11 17 10.7 9.865 17.556
2013 11 18 11.1 9.681 17.531
2013 11 19 12.9 10.385 17.744
2013 11 20 12.6 11.098 22.107
2013 11 21 13.0 11.691 29.56
2013 11 22 12.8 10.662 56.754
2013 11 23 10.0 10.083 42.53
2013 11 24 10.4 9.434 31.046
2013 11 25 9.3 9.066 25.622
2013 11 26 9.2 8.839 23.088
2013 11 27 10.8 8.945 22.144
2013 11 28 12.0 9.088 21.698
2013 11 29 11.8 8.95 21.1
2013 11 30 11.0 8.907 21.158
2013 12 01 11.2 8.742 21.1
2013 12 02 12.3 8.654 21.1
2013 12 03 9.5 8.782 21.1
2013 12 04 2.7 7.385 21.1
2013 12 05 1.0 5.743 21.1
2013 12 06 4.0 4.648 22.284
2013 12 07 2.9 4.984 25.95
2013 12 08 0.2 4.499 25.377
2013 12 09 1.2 3.581 26.412
2013 12 10 3.1 3.252 24.154
2013 12 11 5.0 3.204 24.085
2013 12 12 5.8 3.208 25.1
2013 12 13 6.6 3.266 24.728
2013 12 14 7.8 3.451 25.1
2013 12 15 7.0 3.532 24.881
2013 12 16 8.0 3.739 24.254
2013 12 17 8.9 3.947 24.728
2013 12 18 9.8 4.745 25.188
2013 12 19 9.4 5.411 26.225
2013 12 20 7.1 5.109 27.256
2013 12 21 7.7 4.783 27.917
2013 12 22 8.4 4.793 27.209
2013 12 23 9.6 4.758 25.589
2013 12 24 9.1 4.865 24.932
2013 12 25 8.9 4.909 24.4
2013 12 26 9.0 4.793 24.4
2013 12 27 7.7 4.584 24.312
2013 12 28 8.1 4.498 23.933
2013 12 29 8.3 4.322 23.999
2013 12 30 8.4 4.318 23.7
2013 12 31 9.0 4.664 23.694
2014 01 01 8.5 4.709 23.444
2014 01 02 9.3 4.67 23.7
2014 01 03 9.8 4.933 23.7
2014 01 04 9.2 5.052 23.625
2014 01 05 9.3 4.994 23.7
2014 01 06 9.4 4.913 23.7
2014 01 07 9.7 5.41 23.4
2014 01 08 9.7 5.913 23.212
2014 01 09 10.0 6.311 23.488
2014 01 10 8.9 6.445 23.7
2014 01 11 10.1 6.345 23.638
2014 01 12 9.0 6.336 23.556
2014 01 13 8.4 6.119 24.021
2014 01 14 8.7 5.906 25.231
2014 01 15 10.4 5.926 25.939
2014 01 16 10.4 5.812 25.122
2014 01 17 10.5 5.68 23.657
2014 01 18 9.7 5.525 23.25
2014 01 19 10.3 5.516 22.786
2014 01 20 9.9 5.417 22.769
2014 01 21 12.3 5.252 22.984
2014 01 22 9.8 5.22 21.219
2014 01 23 10.9 5.346 20.212
2014 01 24 14.6 6.025 20.656
2014 01 25 12.8 6.445 20.75
2014 01 26 9.9 6.298 20.988
2014 01 27 10.8 6.448 21.0
2014 01 28 13.8 7.368 21.507
2014 01 29 13.8 8.159 22.894
2014 01 30 12.6 9.186 21.994
2014 01 31 8.7 9.379 39.078
2014 02 01 7.4 8.455 76.883
2014 02 02 7.8 7.718 50.295
2014 02 03 8.5 8.114 38.29
2014 02 04 6.4 7.666 31.596
2014 02 05 7.5 7.36 28.925
2014 02 06 8.5 7.864 27.775
2014 02 07 9.4 8.18 30.626
2014 02 08 11.7 8.75 47.041
2014 02 09 13.4 9.897 2024.812
2014 02 10 13.4 9.92 2528.333
2014 02 11 12.3 9.892 973.062
2014 02 12 13.0 9.875 437.104
2014 02 13 15.6 10.434 274.594
2014 02 14 15.1 11.052 202.865
2014 02 15 13.8 11.292 160.49
2014 02 16 13.3 11.716 146.938
2014 02 17 10.1 11.573 144.573
2014 02 18 10.8 10.927 125.104
2014 02 19 12.4 11.018 110.438
2014 02 20 10.9 10.766 100.293
2014 02 21 12.2 10.657 95.083
2014 02 22 12.6 10.968 84.882
2014 02 23 13.1 11.297 80.633
2014 02 24 14.2 11.675 76.781
2014 02 25 14.5 12.121 72.816
2014 02 26 13.3 12.395 69.393
2014 02 27 13.5 12.66 120.751
2014 02 28 11.5 12.07 757.719
2014 03 01 14.3 11.584 1023.135
2014 03 02 12.7 11.02 504.969
2014 03 03 12.1 10.786 376.875
2014 03 04 13.8 11.703 649.417
2014 03 05 15.9 12.319 582.823
2014 03 06 15.0 13.654 1095.25
2014 03 07 13.4 12.467 960.677
2014 03 08 14.4 11.711 630.74
2014 03 09 16.7 11.695 479.478
2014 03 10 15.3 12.505 416.771
2014 03 11 14.6 12.426 380.531
2014 03 12 17.5 12.17 303.938
2014 03 13 16.3 12.349 255.219
2014 03 14 14.8 12.382 224.781
2014 03 15 16.8 12.821 200.844
2014 03 16 17.8 13.525 181.688
2014 03 17 14.2 14.001 166.969
2014 03 18 13.6 13.73 156.896
2014 03 19 15.2 13.933 146.521
2014 03 20 19.1 14.502 135.469
2014 03 21 15.2 14.779 126.74
2014 03 22 14.8 14.944 119.667
2014 03 23 15.1 15.147 114.542
2014 03 24 16.6 15.416 109.625
2014 03 25 13.3 15.184 104.792
2014 03 26 11.4 14.293 114.75
2014 03 27 12.3 13.442 174.74
2014 03 28 15.1 13.975 169.74
2014 03 29 12.5 14.107 169.688
2014 03 30 11.7 13.19 541.604
2014 03 31 9.5 12.312 435.802
2014 04 01 8.0 11.326 625.99
2014 04 02 10.4 11.479 667.719
2014 04 03 14.8 11.875 463.865
2014 04 04 11.0 12.075 359.854
2014 04 05 12.7 12.429 316.531
2014 04 06 16.4 13.593 277.917
2014 04 07 18.8 14.947 264.0
2014 04 08 20.6 16.124 273.417
2014 04 09 19.2 16.858 285.562
2014 04 10 19.1 17.076 294.0
2014 04 11 18.5 17.089 287.406
2014 04 12 14.8 16.914 277.958
2014 04 13 16.9 17.192 263.75
2014 04 14 17.2 17.251 242.375
2014 04 15 18.6 17.779 219.271
2014 04 16 18.8 18.047 203.781
2014 04 17 19.4 18.297 190.219
2014 04 18 18.7 18.901 174.062
2014 04 19 16.3 19.058 167.823
2014 04 20 18.4 18.906 158.594
2014 04 21 18.1 18.351 148.323
2014 04 22 14.1 17.93 139.24
2014 04 23 14.3 17.543 137.062
2014 04 24 15.5 17.227 131.604
2014 04 25 11.4 16.535 148.281
2014 04 26 11.8 14.809 360.854
2014 04 27 13.5 14.338 243.792
2014 04 28 16.4 15.282 197.531
2014 04 29 23.7 16.591 175.875
2014 04 30 22.3 18.15 167.729
2014 05 01 23.6 19.555 164.51
2014 05 02 21.5 20.155 153.052
2014 05 03 17.2 20.097 141.688
2014 05 04 16.5 19.828 133.021
2014 05 05 15.5 19.621 127.448
2014 05 06 16.6 19.376 128.219
2014 05 07 16.5 19.429 127.208
2014 05 08 16.2 19.096 129.844
2014 05 09 17.4 19.516 123.271
2014 05 10 15.7 19.635 121.708
2014 05 11 19.1 19.22 117.792
2014 05 12 20.8 19.541 107.417
2014 05 13 22.9 20.501 97.716
2014 05 14 24.6 21.672 90.003
2014 05 15 25.1 22.578 82.216
2014 05 16 23.4 22.85 79.2
2014 05 17 19.8 22.447 74.612
2014 05 18 18.6 22.224 69.403
2014 05 19 16.6 21.695 65.367
2014 05 20 15.6 20.75 62.71
2014 05 21 19.1 21.057 60.583
2014 05 22 21.1 22.139 69.934
2014 05 23 22.6 23.134 70.669
2014 05 24 24.0 24.145 54.973
2014 05 25 24.8 24.767 47.392
2014 05 26 24.7 25.134 45.824
2014 05 27 22.4 24.797 41.483
2014 05 28 19.4 23.904 38.438
2014 05 29 20.8 23.062 35.753
2014 05 30 22.8 23.042 36.401
2014 05 31 19.6 22.927 36.602
2014 06 01 22.6 23.399 32.141
2014 06 02 19.8 23.672 26.3
2014 06 03 19.7 23.765 26.68
2014 06 04 23.8 24.219 26.362
2014 06 05 25.2 25.092 24.56
2014 06 06 23.8 25.471 26.292
2014 06 07 24.6 25.953 26.109
2014 06 08 28.2 26.759 18.839
2014 06 09 29.8 27.534 19.356
2014 06 10 26.8 27.505 18.644
2014 06 11 20.2 27.056 17.625
2014 06 12 19.1 26.261 15.605
2014 06 13 21.3 25.718 15.404
2014 06 14 22.5 24.981 14.259
2014 06 15 20.6 24.482 13.567
2014 06 16 18.5 24.324 13.692
2014 06 17 19.7 23.984 14.032
2014 06 18 23.5 24.286 13.901
2014 06 19 28.1 24.504 14.234
2014 06 20 25.1 25.0 14.988
2014 06 21 23.7 25.382 13.596
2014 06 22 22.3 25.319 12.568
2014 06 23 23.5 25.568 11.921
2014 06 24 24.6 26.055 11.75
2014 06 25 21.6 25.958 11.03
2014 06 26 21.1 25.662 9.968
2014 06 27 22.4 25.947 10.023
2014 06 28 23.3 26.594 8.833
2014 06 29 26.3 26.991 8.139
2014 06 30 33.6 27.869 8.035
2014 07 01 26.0 27.981 7.915
2014 07 02 23.8 27.84 7.801
2014 07 03 24.8 27.885 5.884
2014 07 04 26.2 27.679 5.822
2014 07 05 25.8 27.264 4.407
2014 07 06 27.2 27.178 3.508
2014 07 07 27.0 26.612 3.882
2014 07 08 27.6 27.5 3.554
2014 07 09 24.4 27.37 3.003
2014 07 10 22.6 27.352 2.499
2014 07 11 22.3 27.306 2.779
2014 07 12 23.2 27.302 2.008
2014 07 13 26.5 27.757 1.808
2014 07 14 29.3 28.826 2.123
2014 07 15 26.4 28.181 1.743
2014 07 16 22.9 27.764 1.248
2014 07 17 21.5 27.133 1.589
2014 07 18 22.1 27.083 1.346
2014 07 19 24.0 27.379 0.723
2014 07 20 21.6 27.02 0.336
2014 07 21 24.9 26.66 0.592
2014 07 22 22.1 26.611 0.544
2014 07 23 22.7 26.6 0.334
2014 07 24 25.2 26.518 0.019
2014 07 25 28.1 26.436 0.087
2014 07 26 29.2 26.354 0.011
2014 07 27 28.8 26.272 0.017
2014 07 28 26.4 26.191 0.022
2014 07 29 28.1 26.109 0.0
2014 07 30 28.3 26.027 0.0
2014 07 31 28.8 25.945 0.0
2014 08 01 30.1 25.863 0.0
2014 08 02 27.3 25.781 0.0
2014 08 03 22.2 25.699 0.0
2014 08 04 21.2 25.617 0.0
2014 08 05 22.0 25.535 0.0
2014 08 06 26.0 25.453 0.0
2014 08 07 25.9 25.372 0.0
2014 08 08 25.3 25.29 0.0
2014 08 09 23.5 25.208 0.0
2014 08 10 21.6 25.126 0.0
2014 08 11 25.2 25.044 0.0
2014 08 12 22.1 24.962 0.0
2014 08 13 22.3 24.88 0.0
2014 08 14 24.6 24.798 0.0
2014 08 15 29.8 24.716 0.0
2014 08 16 25.6 24.635 0.0
2014 08 17 24.4 24.553 0.0
2014 08 18 22.6 24.471 0.0
2014 08 19 20.6 24.389 0.0
2014 08 20 20.3 24.307 0.0
2014 08 21 23.1 24.225 0.0
2014 08 22 23.1 24.143 0.0
2014 08 23 22.6 24.061 0.0
2014 08 24 22.6 23.979 0.0
2014 08 25 20.8 23.898 0.0
2014 08 26 22.8 23.816 0.0
2014 08 27 25.8 23.734 0.0
2014 08 28 26.1 23.652 0.0
2014 08 29 23.9 23.57 0.0
2014 08 30 26.2 23.488 0.0
2014 08 31 25.1 23.406 0.0
2014 09 01 26.3 23.324 0.0
2014 09 02 24.7 23.242 0.0
2014 09 03 23.1 23.16 0.0
2014 09 04 24.4 23.079 0.0
2014 09 05 23.1 22.997 0.0
2014 09 06 23.5 22.915 0.0
2014 09 07 22.6 22.833 0.0
2014 09 08 19.8 22.751 0.0
2014 09 09 20.4 22.669 0.0
2014 09 10 23.9 22.587 0.0
2014 09 11 25.7 22.505 0.0
2014 09 12 26.5 22.423 0.0
2014 09 13 27.4 22.342 0.0
2014 09 14 25.9 22.26 0.0
2014 09 15 24.4 22.178 0.0
2014 09 16 23.1 22.096 0.0
2014 09 17 23.3 22.014 0.0
2014 09 18 22.4 21.932 0.0
2014 09 19 21.9 21.85 0.0
2014 09 20 23.0 21.768 0.0
2014 09 21 20.4 21.686 0.0
2014 09 22 21.6 21.605 0.0
2014 09 23 22.9 21.523 0.0
2014 09 24 22.1 21.441 0.0
2014 09 25 17.5 21.359 0.0
2014 09 26 17.7 21.277 0.0
2014 09 27 19.1 21.195 0.0
2014 09 28 17.5 21.113 0.0
2014 09 29 19.0 21.031 0.0
2014 09 30 20.2 20.949 0.0
2014 10 01 20.2 20.867 0.0
2014 10 02 21.1 20.786 0.0
2014 10 03 22.7 20.704 0.0
2014 10 04 23.2 20.622 0.0
2014 10 05 23.4 20.54 0.0
2014 10 06 24.3 20.458 0.0
2014 10 07 23.4 20.376 0.0
2014 10 08 23.0 20.294 0.0
2014 10 09 21.6 20.212 0.0
2014 10 10 19.9 20.13 0.0
2014 10 11 20.1 20.049 0.291
2014 10 12 21.2 19.967 3.642
2014 10 13 22.4 19.705 2.559
2014 10 14 17.9 19.231 2.131
2014 10 15 17.7 19.538 2.793
2014 10 16 17.2 19.018 3.283
2014 10 17 16.6 18.426 3.485
2014 10 18 18.3 18.094 3.6
2014 10 19 18.9 18.566 3.593
2014 10 20 17.2 18.41 3.79
2014 10 21 14.5 17.407 5.054
2014 10 22 15.9 17.005 5.728
2014 10 23 18.0 17.175 6.2
2014 10 24 17.0 16.677 6.89
2014 10 25 16.5 16.409 7.696
2014 10 26 14.6 16.202 8.381
2014 10 27 12.5 15.557 11.26
2014 10 28 14.6 15.36 11.514
2014 10 29 17.0 15.393 14.058
2014 10 30 18.6 15.512 13.044
2014 10 31 15.3 15.2 12.186
2014 11 01 13.1 15.091 16.188
2014 11 02 11.6 14.654 18.322
2014 11 03 11.3 13.902 27.778
2014 11 04 13.4 13.559 24.401
2014 11 05 14.8 13.683 19.584
2014 11 06 16.4 13.848 16.588
2014 11 07 15.6 13.868 14.878
2014 11 08 16.8 13.997 14.295
2014 11 09 16.6 14.103 13.368
2014 11 10 15.3 14.085 12.712
2014 11 11 14.3 13.859 12.5
2014 11 12 13.8 14.204 12.229
2014 11 13 14.1 14.179 12.391
2014 11 14 13.8 14.694 12.717
2014 11 15 12.9 14.401 13.668
2014 11 16 10.2 13.264 13.904
2014 11 17 10.2 12.595 15.985
2014 11 18 10.2 11.71 15.856
2014 11 19 11.7 11.45 14.941
2014 11 20 11.4 11.532 15.191
2014 11 21 11.5 11.754 15.988
2014 11 22 12.0 11.915 18.911
2014 11 23 9.2 11.509 30.484
2014 11 24 9.7 10.68 58.078
2014 11 25 10.8 10.492 46.381
2014 11 26 11.6 10.106 31.835
2014 11 27 13.0 10.147 25.675
2014 11 28 11.3 9.715 22.073
2014 11 29 13.2 10.38 21.094
2014 11 30 12.4 10.826 21.03
2014 12 01 14.0 11.478 22.361
2014 12 02 12.3 11.221 27.512
2014 12 03 15.4 12.034 41.876
2014 12 04 15.4 12.879 125.778
2014 12 05 15.7 12.666 208.74
2014 12 06 15.7 12.85 122.804
2014 12 07 12.6 12.48 79.379
2014 12 08 12.2 11.988 59.644
2014 12 09 11.6 11.647 48.117
2014 12 10 12.5 11.558 40.831
2014 12 11 13.2 11.643 111.943
2014 12 12 9.9 11.295 1596.625
2014 12 13 9.3 10.46 565.677
2014 12 14 8.4 9.685 234.365
2014 12 15 9.9 9.648 234.938
2014 12 16 12.3 10.218 164.365
2014 12 17 10.6 10.636 327.208
2014 12 18 11.5 10.607 217.448
2014 12 19 11.2 10.406 326.844
2014 12 20 12.3 10.843 505.438
2014 12 21 13.9 11.358 426.708
2014 12 22 11.6 11.215 314.708
2014 12 23 12.9 11.451 243.625
2014 12 24 10.5 10.447 190.969
2014 12 25 8.2 8.993 198.854
